4592
102 44.7993858226
38 31.2482521774
183 30.5957089221
30 29.8555920657
54 23.5903785637
40 23.452600978
31 22.6838196543
1012 21.3345497379
61 20.8564045195
115 19.8008563858
285 18.729169539
42 18.1345365237
98 17.8717314918
28 17.4604004342
144 17.3968546314
25 17.1065316413
16 16.4795845008
53 16.1870877306
424 15.1839316834
213 15.0761604302
198 15.0368654566
21 14.4669665851
370 14.2239986026
101 14.0188701517
185 13.6981887613
1028 13.5534646013
157 12.6187491831
602 12.3862401511
273 12.0502790733
466 12.0146037061
131 11.8261415879
93 11.8249932856
18 11.6112842289
13 11.3309987964
44 11.2160907451
259 11.1657655712
454 11.0094615114
97 10.9960942583
178 10.8207722879
46 10.726057094
372 10.7009740691
1030 10.4856136422
1044 10.4807848042
68 10.1424981756
10 10.0964048171
27 9.94253198921
297 9.90334171194
1011 9.84546158988
239 9.66726603829
674 9.54175310364
121 9.43068591275
177 9.2396809079
5 9.00574161937
966 9.00400537833
368 8.67264668521
449 8.51724944383
269 8.45242333074
354 8.35401681762
413 8.2672740705
80 8.1833931052
1019 8.16061981595
348 8.00510087556
479 7.93563019897
856 7.87473889803
347 7.87066024129
636 7.84247932507
1241 7.79986192999
455 7.77744881899
799 7.73882380643
1318 7.67033227374
168 7.56443603027
446 7.52206682431
375 7.51688388101
70 7.45489218573
244 7.40585996338
130 7.36248584992
118 7.30169522444
4 7.27116259147
180 7.2252390995
69 7.20210378404
937 7.14886718917
214 7.12996405167
563 7.10936542343
874 7.04924929143
383 7.03633517065
798 7.000701251
206 6.92424209681
263 6.82534521492
984 6.70901604558
1040 6.68888485458
218 6.68399250031
191 6.64175775914
772 6.63187631578
1841 6.61277646851
1322 6.56245369798
1038 6.53952477087
111 6.53097305655
294 6.44600015959
224 6.42579378973
577 6.40224395798
